%YAML:1.0
---
image_points: !!opencv-matrix
    rows: 20
    cols: 2
    dt: i
    data: [
        849, 1016,
        88, 342,
        717, 319,
        1443, 331,
        1595, 337,
        95, 890,
        389, 917,
        747, 936,
        1131, 934,
        1487, 920,
        1785, 899,
        125, 500,
        273, 506,
        443, 501,
        623, 501,
        813, 503,
        1012, 505,
        1209, 504,
        1387, 510,
        1559, 509
]
world_points: !!opencv-matrix
    rows: 20
    cols: 2
    dt: d
    data: [
        43.5715171144615, 1.4252532852930464,
        43.571749338313595, 1.4257401062292487,
        43.57158707320576, 1.4257555289310844,
        43.57142294271708, 1.4257736338419347,
        43.57138019004432, 1.4257783277077107,
        43.571572012649625, 1.4253853840870299,
        43.5715487714302, 1.4253873957437901,
        43.571527880967096, 1.4253880662960439,
        43.57150358972174, 1.425390077952805,
        43.57147589769016, 1.4253941012663274,
        43.571451120598454, 1.425395442370835,
        43.57164447880817, 1.4255402816576386,
        43.57161824431358, 1.4255443049711614,
        43.57159103815903, 1.4255483282846837,
        43.57156723276367, 1.425549669389191,
        43.571539540761336, 1.425551681045952,
        43.57151524952073, 1.4255530221504595,
        43.57148658584421, 1.4255570454639819,
        43.57146229458226, 1.4255583865684893,
        43.571438003310504, 1.425559727672997
]
