%YAML:1.0
---
rmatrix: !!opencv-matrix
   rows: 3
   cols: 3
   dt: d
   data: [ -7.7861555455584353e-01, -6.2750117188453747e-01,
       3.1222944818923651e-04, -6.2750081366726651e-01,
       7.7861433081504772e-01, -1.5661086663135001e-03,
       7.3962870054763736e-04, -1.4153208005060259e-03,
       -9.9999872490739550e-01 ]
cmatrix: !!opencv-matrix
   rows: 3
   cols: 3
   dt: d
   data: [ 1., 0., 400., 0., 1., 300., 0., 0., 1. ]
