%YAML:1.0
---
rmatrix: !!opencv-matrix
   rows: 3
   cols: 3
   dt: d
   data: [ 9.8841894839742095e-01, -1.5136217260853993e-01,
       1.0838595488310504e-02, 1.4891868039951814e-01,
       9.8123367415730456e-01, 1.2248960497863888e-01,
       -2.9175487605228263e-02, -1.1945697720509836e-01,
       9.9241061134996833e-01 ]
cmatrix: !!opencv-matrix
   rows: 3
   cols: 3
   dt: d
   data: [ 100., 0., 400., 0., 100., 300., 0., 0., 1. ]
